1000
0 -100 15 -95 5 10
20 -90 35 -85 5 10
40 -80 55 -75 5 10
60 -70 75 -65 5 10
80 -60 95 -55 5 10
100 -50 115 -45 5 10
120 -40 135 -35 5 10
140 -30 155 -25 5 10
160 -20 175 -15 5 10
180 -10 195 -5 5 10
200 0 215 5 5 10
220 10 235 15 5 10
240 20 255 25 5 10
260 30 275 35 5 10
280 40 295 45 5 10
300 50 315 55 5 10
320 60 335 65 5 10
340 70 355 75 5 10
360 80 375 85 5 10
380 90 395 95 5 10
400 100 415 105 5 10
420 110 435 115 5 10
440 120 455 125 5 10
460 130 475 135 5 10
480 140 495 145 5 10
500 150 515 155 5 10
520 160 535 165 5 10
540 170 555 175 5 10
560 180 575 185 5 10
580 190 595 195 5 10
600 200 615 205 5 10
620 210 635 215 5 10
640 220 655 225 5 10
660 230 675 235 5 10
680 240 695 245 5 10
700 250 715 255 5 10
720 260 735 265 5 10
740 270 755 275 5 10
760 280 775 285 5 10
780 290 795 295 5 10
800 300 815 305 5 10
820 310 835 315 5 10
840 320 855 325 5 10
860 330 875 335 5 10
880 340 895 345 5 10
900 350 915 355 5 10
920 360 935 365 5 10
940 370 955 375 5 10
960 380 975 385 5 10
980 390 995 395 5 10
1000 400 1015 405 5 10
1020 410 1035 415 5 10
1040 420 1055 425 5 10
1060 430 1075 435 5 10
1080 440 1095 445 5 10
1100 450 1115 455 5 10
1120 460 1135 465 5 10
1140 470 1155 475 5 10
1160 480 1175 485 5 10
1180 490 1195 495 5 10
1200 500 1215 505 5 10
1220 510 1235 515 5 10
1240 520 1255 525 5 10
1260 530 1275 535 5 10
1280 540 1295 545 5 10
1300 550 1315 555 5 10
1320 560 1335 565 5 10
1340 570 1355 575 5 10
1360 580 1375 585 5 10
1380 590 1395 595 5 10
1400 600 1415 605 5 10
1420 610 1435 615 5 10
1440 620 1455 625 5 10
1460 630 1475 635 5 10
1480 640 1495 645 5 10
1500 650 1515 655 5 10
1520 660 1535 665 5 10
1540 670 1555 675 5 10
1560 680 1575 685 5 10
1580 690 1595 695 5 10
1600 700 1615 705 5 10
1620 710 1635 715 5 10
1640 720 1655 725 5 10
1660 730 1675 735 5 10
1680 740 1695 745 5 10
1700 750 1715 755 5 10
1720 760 1735 765 5 10
1740 770 1755 775 5 10
1760 780 1775 785 5 10
1780 790 1795 795 5 10
1800 800 1815 805 5 10
1820 810 1835 815 5 10
1840 820 1855 825 5 10
1860 830 1875 835 5 10
1880 840 1895 845 5 10
1900 850 1915 855 5 10
1920 860 1935 865 5 10
1940 870 1955 875 5 10
1960 880 1975 885 5 10
1980 890 1995 895 5 10
2000 900 2015 905 5 10
2020 910 2035 915 5 10
2040 920 2055 925 5 10
2060 930 2075 935 5 10
2080 940 2095 945 5 10
2100 950 2115 955 5 10
2120 960 2135 965 5 10
2140 970 2155 975 5 10
2160 980 2175 985 5 10
2180 990 2195 995 5 10
2200 1000 2215 1005 5 10
2220 1010 2235 1015 5 10
2240 1020 2255 1025 5 10
2260 1030 2275 1035 5 10
2280 1040 2295 1045 5 10
2300 1050 2315 1055 5 10
2320 1060 2335 1065 5 10
2340 1070 2355 1075 5 10
2360 1080 2375 1085 5 10
2380 1090 2395 1095 5 10
2400 1100 2415 1105 5 10
2420 1110 2435 1115 5 10
2440 1120 2455 1125 5 10
2460 1130 2475 1135 5 10
2480 1140 2495 1145 5 10
2500 1150 2515 1155 5 10
2520 1160 2535 1165 5 10
2540 1170 2555 1175 5 10
2560 1180 2575 1185 5 10
2580 1190 2595 1195 5 10
2600 1200 2615 1205 5 10
2620 1210 2635 1215 5 10
2640 1220 2655 1225 5 10
2660 1230 2675 1235 5 10
2680 1240 2695 1245 5 10
2700 1250 2715 1255 5 10
2720 1260 2735 1265 5 10
2740 1270 2755 1275 5 10
2760 1280 2775 1285 5 10
2780 1290 2795 1295 5 10
2800 1300 2815 1305 5 10
2820 1310 2835 1315 5 10
2840 1320 2855 1325 5 10
2860 1330 2875 1335 5 10
2880 1340 2895 1345 5 10
2900 1350 2915 1355 5 10
2920 1360 2935 1365 5 10
2940 1370 2955 1375 5 10
2960 1380 2975 1385 5 10
2980 1390 2995 1395 5 10
3000 1400 3015 1405 5 10
3020 1410 3035 1415 5 10
3040 1420 3055 1425 5 10
3060 1430 3075 1435 5 10
3080 1440 3095 1445 5 10
3100 1450 3115 1455 5 10
3120 1460 3135 1465 5 10
3140 1470 3155 1475 5 10
3160 1480 3175 1485 5 10
3180 1490 3195 1495 5 10
3200 1500 3215 1505 5 10
3220 1510 3235 1515 5 10
3240 1520 3255 1525 5 10
3260 1530 3275 1535 5 10
3280 1540 3295 1545 5 10
3300 1550 3315 1555 5 10
3320 1560 3335 1565 5 10
3340 1570 3355 1575 5 10
3360 1580 3375 1585 5 10
3380 1590 3395 1595 5 10
3400 1600 3415 1605 5 10
3420 1610 3435 1615 5 10
3440 1620 3455 1625 5 10
3460 1630 3475 1635 5 10
3480 1640 3495 1645 5 10
3500 1650 3515 1655 5 10
3520 1660 3535 1665 5 10
3540 1670 3555 1675 5 10
3560 1680 3575 1685 5 10
3580 1690 3595 1695 5 10
3600 1700 3615 1705 5 10
3620 1710 3635 1715 5 10
3640 1720 3655 1725 5 10
3660 1730 3675 1735 5 10
3680 1740 3695 1745 5 10
3700 1750 3715 1755 5 10
3720 1760 3735 1765 5 10
3740 1770 3755 1775 5 10
3760 1780 3775 1785 5 10
3780 1790 3795 1795 5 10
3800 1800 3815 1805 5 10
3820 1810 3835 1815 5 10
3840 1820 3855 1825 5 10
3860 1830 3875 1835 5 10
3880 1840 3895 1845 5 10
3900 1850 3915 1855 5 10
3920 1860 3935 1865 5 10
3940 1870 3955 1875 5 10
3960 1880 3975 1885 5 10
3980 1890 3995 1895 5 10
4000 1900 4015 1905 5 10
4020 1910 4035 1915 5 10
4040 1920 4055 1925 5 10
4060 1930 4075 1935 5 10
4080 1940 4095 1945 5 10
4100 1950 4115 1955 5 10
4120 1960 4135 1965 5 10
4140 1970 4155 1975 5 10
4160 1980 4175 1985 5 10
4180 1990 4195 1995 5 10
4200 2000 4215 2005 5 10
4220 2010 4235 2015 5 10
4240 2020 4255 2025 5 10
4260 2030 4275 2035 5 10
4280 2040 4295 2045 5 10
4300 2050 4315 2055 5 10
4320 2060 4335 2065 5 10
4340 2070 4355 2075 5 10
4360 2080 4375 2085 5 10
4380 2090 4395 2095 5 10
4400 2100 4415 2105 5 10
4420 2110 4435 2115 5 10
4440 2120 4455 2125 5 10
4460 2130 4475 2135 5 10
4480 2140 4495 2145 5 10
4500 2150 4515 2155 5 10
4520 2160 4535 2165 5 10
4540 2170 4555 2175 5 10
4560 2180 4575 2185 5 10
4580 2190 4595 2195 5 10
4600 2200 4615 2205 5 10
4620 2210 4635 2215 5 10
4640 2220 4655 2225 5 10
4660 2230 4675 2235 5 10
4680 2240 4695 2245 5 10
4700 2250 4715 2255 5 10
4720 2260 4735 2265 5 10
4740 2270 4755 2275 5 10
4760 2280 4775 2285 5 10
4780 2290 4795 2295 5 10
4800 2300 4815 2305 5 10
4820 2310 4835 2315 5 10
4840 2320 4855 2325 5 10
4860 2330 4875 2335 5 10
4880 2340 4895 2345 5 10
4900 2350 4915 2355 5 10
4920 2360 4935 2365 5 10
4940 2370 4955 2375 5 10
4960 2380 4975 2385 5 10
4980 2390 4995 2395 5 10
5000 2400 5015 2405 5 10
5020 2410 5035 2415 5 10
5040 2420 5055 2425 5 10
5060 2430 5075 2435 5 10
5080 2440 5095 2445 5 10
5100 2450 5115 2455 5 10
5120 2460 5135 2465 5 10
5140 2470 5155 2475 5 10
5160 2480 5175 2485 5 10
5180 2490 5195 2495 5 10
5200 2500 5215 2505 5 10
5220 2510 5235 2515 5 10
5240 2520 5255 2525 5 10
5260 2530 5275 2535 5 10
5280 2540 5295 2545 5 10
5300 2550 5315 2555 5 10
5320 2560 5335 2565 5 10
5340 2570 5355 2575 5 10
5360 2580 5375 2585 5 10
5380 2590 5395 2595 5 10
5400 2600 5415 2605 5 10
5420 2610 5435 2615 5 10
5440 2620 5455 2625 5 10
5460 2630 5475 2635 5 10
5480 2640 5495 2645 5 10
5500 2650 5515 2655 5 10
5520 2660 5535 2665 5 10
5540 2670 5555 2675 5 10
5560 2680 5575 2685 5 10
5580 2690 5595 2695 5 10
5600 2700 5615 2705 5 10
5620 2710 5635 2715 5 10
5640 2720 5655 2725 5 10
5660 2730 5675 2735 5 10
5680 2740 5695 2745 5 10
5700 2750 5715 2755 5 10
5720 2760 5735 2765 5 10
5740 2770 5755 2775 5 10
5760 2780 5775 2785 5 10
5780 2790 5795 2795 5 10
5800 2800 5815 2805 5 10
5820 2810 5835 2815 5 10
5840 2820 5855 2825 5 10
5860 2830 5875 2835 5 10
5880 2840 5895 2845 5 10
5900 2850 5915 2855 5 10
5920 2860 5935 2865 5 10
5940 2870 5955 2875 5 10
5960 2880 5975 2885 5 10
5980 2890 5995 2895 5 10
6000 2900 6015 2905 5 10
6020 2910 6035 2915 5 10
6040 2920 6055 2925 5 10
6060 2930 6075 2935 5 10
6080 2940 6095 2945 5 10
6100 2950 6115 2955 5 10
6120 2960 6135 2965 5 10
6140 2970 6155 2975 5 10
6160 2980 6175 2985 5 10
6180 2990 6195 2995 5 10
6200 3000 6215 3005 5 10
6220 3010 6235 3015 5 10
6240 3020 6255 3025 5 10
6260 3030 6275 3035 5 10
6280 3040 6295 3045 5 10
6300 3050 6315 3055 5 10
6320 3060 6335 3065 5 10
6340 3070 6355 3075 5 10
6360 3080 6375 3085 5 10
6380 3090 6395 3095 5 10
6400 3100 6415 3105 5 10
6420 3110 6435 3115 5 10
6440 3120 6455 3125 5 10
6460 3130 6475 3135 5 10
6480 3140 6495 3145 5 10
6500 3150 6515 3155 5 10
6520 3160 6535 3165 5 10
6540 3170 6555 3175 5 10
6560 3180 6575 3185 5 10
6580 3190 6595 3195 5 10
6600 3200 6615 3205 5 10
6620 3210 6635 3215 5 10
6640 3220 6655 3225 5 10
6660 3230 6675 3235 5 10
6680 3240 6695 3245 5 10
6700 3250 6715 3255 5 10
6720 3260 6735 3265 5 10
6740 3270 6755 3275 5 10
6760 3280 6775 3285 5 10
6780 3290 6795 3295 5 10
6800 3300 6815 3305 5 10
6820 3310 6835 3315 5 10
6840 3320 6855 3325 5 10
6860 3330 6875 3335 5 10
6880 3340 6895 3345 5 10
6900 3350 6915 3355 5 10
6920 3360 6935 3365 5 10
6940 3370 6955 3375 5 10
6960 3380 6975 3385 5 10
6980 3390 6995 3395 5 10
7000 3400 7015 3405 5 10
7020 3410 7035 3415 5 10
7040 3420 7055 3425 5 10
7060 3430 7075 3435 5 10
7080 3440 7095 3445 5 10
7100 3450 7115 3455 5 10
7120 3460 7135 3465 5 10
7140 3470 7155 3475 5 10
7160 3480 7175 3485 5 10
7180 3490 7195 3495 5 10
7200 3500 7215 3505 5 10
7220 3510 7235 3515 5 10
7240 3520 7255 3525 5 10
7260 3530 7275 3535 5 10
7280 3540 7295 3545 5 10
7300 3550 7315 3555 5 10
7320 3560 7335 3565 5 10
7340 3570 7355 3575 5 10
7360 3580 7375 3585 5 10
7380 3590 7395 3595 5 10
7400 3600 7415 3605 5 10
7420 3610 7435 3615 5 10
7440 3620 7455 3625 5 10
7460 3630 7475 3635 5 10
7480 3640 7495 3645 5 10
7500 3650 7515 3655 5 10
7520 3660 7535 3665 5 10
7540 3670 7555 3675 5 10
7560 3680 7575 3685 5 10
7580 3690 7595 3695 5 10
7600 3700 7615 3705 5 10
7620 3710 7635 3715 5 10
7640 3720 7655 3725 5 10
7660 3730 7675 3735 5 10
7680 3740 7695 3745 5 10
7700 3750 7715 3755 5 10
7720 3760 7735 3765 5 10
7740 3770 7755 3775 5 10
7760 3780 7775 3785 5 10
7780 3790 7795 3795 5 10
7800 3800 7815 3805 5 10
7820 3810 7835 3815 5 10
7840 3820 7855 3825 5 10
7860 3830 7875 3835 5 10
7880 3840 7895 3845 5 10
7900 3850 7915 3855 5 10
7920 3860 7935 3865 5 10
7940 3870 7955 3875 5 10
7960 3880 7975 3885 5 10
7980 3890 7995 3895 5 10
8000 3900 8015 3905 5 10
8020 3910 8035 3915 5 10
8040 3920 8055 3925 5 10
8060 3930 8075 3935 5 10
8080 3940 8095 3945 5 10
8100 3950 8115 3955 5 10
8120 3960 8135 3965 5 10
8140 3970 8155 3975 5 10
8160 3980 8175 3985 5 10
8180 3990 8195 3995 5 10
8200 4000 8215 4005 5 10
8220 4010 8235 4015 5 10
8240 4020 8255 4025 5 10
8260 4030 8275 4035 5 10
8280 4040 8295 4045 5 10
8300 4050 8315 4055 5 10
8320 4060 8335 4065 5 10
8340 4070 8355 4075 5 10
8360 4080 8375 4085 5 10
8380 4090 8395 4095 5 10
8400 4100 8415 4105 5 10
8420 4110 8435 4115 5 10
8440 4120 8455 4125 5 10
8460 4130 8475 4135 5 10
8480 4140 8495 4145 5 10
8500 4150 8515 4155 5 10
8520 4160 8535 4165 5 10
8540 4170 8555 4175 5 10
8560 4180 8575 4185 5 10
8580 4190 8595 4195 5 10
8600 4200 8615 4205 5 10
8620 4210 8635 4215 5 10
8640 4220 8655 4225 5 10
8660 4230 8675 4235 5 10
8680 4240 8695 4245 5 10
8700 4250 8715 4255 5 10
8720 4260 8735 4265 5 10
8740 4270 8755 4275 5 10
8760 4280 8775 4285 5 10
8780 4290 8795 4295 5 10
8800 4300 8815 4305 5 10
8820 4310 8835 4315 5 10
8840 4320 8855 4325 5 10
8860 4330 8875 4335 5 10
8880 4340 8895 4345 5 10
8900 4350 8915 4355 5 10
8920 4360 8935 4365 5 10
8940 4370 8955 4375 5 10
8960 4380 8975 4385 5 10
8980 4390 8995 4395 5 10
9000 4400 9015 4405 5 10
9020 4410 9035 4415 5 10
9040 4420 9055 4425 5 10
9060 4430 9075 4435 5 10
9080 4440 9095 4445 5 10
9100 4450 9115 4455 5 10
9120 4460 9135 4465 5 10
9140 4470 9155 4475 5 10
9160 4480 9175 4485 5 10
9180 4490 9195 4495 5 10
9200 4500 9215 4505 5 10
9220 4510 9235 4515 5 10
9240 4520 9255 4525 5 10
9260 4530 9275 4535 5 10
9280 4540 9295 4545 5 10
9300 4550 9315 4555 5 10
9320 4560 9335 4565 5 10
9340 4570 9355 4575 5 10
9360 4580 9375 4585 5 10
9380 4590 9395 4595 5 10
9400 4600 9415 4605 5 10
9420 4610 9435 4615 5 10
9440 4620 9455 4625 5 10
9460 4630 9475 4635 5 10
9480 4640 9495 4645 5 10
9500 4650 9515 4655 5 10
9520 4660 9535 4665 5 10
9540 4670 9555 4675 5 10
9560 4680 9575 4685 5 10
9580 4690 9595 4695 5 10
9600 4700 9615 4705 5 10
9620 4710 9635 4715 5 10
9640 4720 9655 4725 5 10
9660 4730 9675 4735 5 10
9680 4740 9695 4745 5 10
9700 4750 9715 4755 5 10
9720 4760 9735 4765 5 10
9740 4770 9755 4775 5 10
9760 4780 9775 4785 5 10
9780 4790 9795 4795 5 10
9800 4800 9815 4805 5 10
9820 4810 9835 4815 5 10
9840 4820 9855 4825 5 10
9860 4830 9875 4835 5 10
9880 4840 9895 4845 5 10
9900 4850 9915 4855 5 10
9920 4860 9935 4865 5 10
9940 4870 9955 4875 5 10
9960 4880 9975 4885 5 10
9980 4890 9995 4895 5 10
10000 4900 10015 4905 5 10
10020 4910 10035 4915 5 10
10040 4920 10055 4925 5 10
10060 4930 10075 4935 5 10
10080 4940 10095 4945 5 10
10100 4950 10115 4955 5 10
10120 4960 10135 4965 5 10
10140 4970 10155 4975 5 10
10160 4980 10175 4985 5 10
10180 4990 10195 4995 5 10
10200 5000 10215 5005 5 10
10220 5010 10235 5015 5 10
10240 5020 10255 5025 5 10
10260 5030 10275 5035 5 10
10280 5040 10295 5045 5 10
10300 5050 10315 5055 5 10
10320 5060 10335 5065 5 10
10340 5070 10355 5075 5 10
10360 5080 10375 5085 5 10
10380 5090 10395 5095 5 10
10400 5100 10415 5105 5 10
10420 5110 10435 5115 5 10
10440 5120 10455 5125 5 10
10460 5130 10475 5135 5 10
10480 5140 10495 5145 5 10
10500 5150 10515 5155 5 10
10520 5160 10535 5165 5 10
10540 5170 10555 5175 5 10
10560 5180 10575 5185 5 10
10580 5190 10595 5195 5 10
10600 5200 10615 5205 5 10
10620 5210 10635 5215 5 10
10640 5220 10655 5225 5 10
10660 5230 10675 5235 5 10
10680 5240 10695 5245 5 10
10700 5250 10715 5255 5 10
10720 5260 10735 5265 5 10
10740 5270 10755 5275 5 10
10760 5280 10775 5285 5 10
10780 5290 10795 5295 5 10
10800 5300 10815 5305 5 10
10820 5310 10835 5315 5 10
10840 5320 10855 5325 5 10
10860 5330 10875 5335 5 10
10880 5340 10895 5345 5 10
10900 5350 10915 5355 5 10
10920 5360 10935 5365 5 10
10940 5370 10955 5375 5 10
10960 5380 10975 5385 5 10
10980 5390 10995 5395 5 10
11000 5400 11015 5405 5 10
11020 5410 11035 5415 5 10
11040 5420 11055 5425 5 10
11060 5430 11075 5435 5 10
11080 5440 11095 5445 5 10
11100 5450 11115 5455 5 10
11120 5460 11135 5465 5 10
11140 5470 11155 5475 5 10
11160 5480 11175 5485 5 10
11180 5490 11195 5495 5 10
11200 5500 11215 5505 5 10
11220 5510 11235 5515 5 10
11240 5520 11255 5525 5 10
11260 5530 11275 5535 5 10
11280 5540 11295 5545 5 10
11300 5550 11315 5555 5 10
11320 5560 11335 5565 5 10
11340 5570 11355 5575 5 10
11360 5580 11375 5585 5 10
11380 5590 11395 5595 5 10
11400 5600 11415 5605 5 10
11420 5610 11435 5615 5 10
11440 5620 11455 5625 5 10
11460 5630 11475 5635 5 10
11480 5640 11495 5645 5 10
11500 5650 11515 5655 5 10
11520 5660 11535 5665 5 10
11540 5670 11555 5675 5 10
11560 5680 11575 5685 5 10
11580 5690 11595 5695 5 10
11600 5700 11615 5705 5 10
11620 5710 11635 5715 5 10
11640 5720 11655 5725 5 10
11660 5730 11675 5735 5 10
11680 5740 11695 5745 5 10
11700 5750 11715 5755 5 10
11720 5760 11735 5765 5 10
11740 5770 11755 5775 5 10
11760 5780 11775 5785 5 10
11780 5790 11795 5795 5 10
11800 5800 11815 5805 5 10
11820 5810 11835 5815 5 10
11840 5820 11855 5825 5 10
11860 5830 11875 5835 5 10
11880 5840 11895 5845 5 10
11900 5850 11915 5855 5 10
11920 5860 11935 5865 5 10
11940 5870 11955 5875 5 10
11960 5880 11975 5885 5 10
11980 5890 11995 5895 5 10
12000 5900 12015 5905 5 10
12020 5910 12035 5915 5 10
12040 5920 12055 5925 5 10
12060 5930 12075 5935 5 10
12080 5940 12095 5945 5 10
12100 5950 12115 5955 5 10
12120 5960 12135 5965 5 10
12140 5970 12155 5975 5 10
12160 5980 12175 5985 5 10
12180 5990 12195 5995 5 10
12200 6000 12215 6005 5 10
12220 6010 12235 6015 5 10
12240 6020 12255 6025 5 10
12260 6030 12275 6035 5 10
12280 6040 12295 6045 5 10
12300 6050 12315 6055 5 10
12320 6060 12335 6065 5 10
12340 6070 12355 6075 5 10
12360 6080 12375 6085 5 10
12380 6090 12395 6095 5 10
12400 6100 12415 6105 5 10
12420 6110 12435 6115 5 10
12440 6120 12455 6125 5 10
12460 6130 12475 6135 5 10
12480 6140 12495 6145 5 10
12500 6150 12515 6155 5 10
12520 6160 12535 6165 5 10
12540 6170 12555 6175 5 10
12560 6180 12575 6185 5 10
12580 6190 12595 6195 5 10
12600 6200 12615 6205 5 10
12620 6210 12635 6215 5 10
12640 6220 12655 6225 5 10
12660 6230 12675 6235 5 10
12680 6240 12695 6245 5 10
12700 6250 12715 6255 5 10
12720 6260 12735 6265 5 10
12740 6270 12755 6275 5 10
12760 6280 12775 6285 5 10
12780 6290 12795 6295 5 10
12800 6300 12815 6305 5 10
12820 6310 12835 6315 5 10
12840 6320 12855 6325 5 10
12860 6330 12875 6335 5 10
12880 6340 12895 6345 5 10
12900 6350 12915 6355 5 10
12920 6360 12935 6365 5 10
12940 6370 12955 6375 5 10
12960 6380 12975 6385 5 10
12980 6390 12995 6395 5 10
13000 6400 13015 6405 5 10
13020 6410 13035 6415 5 10
13040 6420 13055 6425 5 10
13060 6430 13075 6435 5 10
13080 6440 13095 6445 5 10
13100 6450 13115 6455 5 10
13120 6460 13135 6465 5 10
13140 6470 13155 6475 5 10
13160 6480 13175 6485 5 10
13180 6490 13195 6495 5 10
13200 6500 13215 6505 5 10
13220 6510 13235 6515 5 10
13240 6520 13255 6525 5 10
13260 6530 13275 6535 5 10
13280 6540 13295 6545 5 10
13300 6550 13315 6555 5 10
13320 6560 13335 6565 5 10
13340 6570 13355 6575 5 10
13360 6580 13375 6585 5 10
13380 6590 13395 6595 5 10
13400 6600 13415 6605 5 10
13420 6610 13435 6615 5 10
13440 6620 13455 6625 5 10
13460 6630 13475 6635 5 10
13480 6640 13495 6645 5 10
13500 6650 13515 6655 5 10
13520 6660 13535 6665 5 10
13540 6670 13555 6675 5 10
13560 6680 13575 6685 5 10
13580 6690 13595 6695 5 10
13600 6700 13615 6705 5 10
13620 6710 13635 6715 5 10
13640 6720 13655 6725 5 10
13660 6730 13675 6735 5 10
13680 6740 13695 6745 5 10
13700 6750 13715 6755 5 10
13720 6760 13735 6765 5 10
13740 6770 13755 6775 5 10
13760 6780 13775 6785 5 10
13780 6790 13795 6795 5 10
13800 6800 13815 6805 5 10
13820 6810 13835 6815 5 10
13840 6820 13855 6825 5 10
13860 6830 13875 6835 5 10
13880 6840 13895 6845 5 10
13900 6850 13915 6855 5 10
13920 6860 13935 6865 5 10
13940 6870 13955 6875 5 10
13960 6880 13975 6885 5 10
13980 6890 13995 6895 5 10
14000 6900 14015 6905 5 10
14020 6910 14035 6915 5 10
14040 6920 14055 6925 5 10
14060 6930 14075 6935 5 10
14080 6940 14095 6945 5 10
14100 6950 14115 6955 5 10
14120 6960 14135 6965 5 10
14140 6970 14155 6975 5 10
14160 6980 14175 6985 5 10
14180 6990 14195 6995 5 10
14200 7000 14215 7005 5 10
14220 7010 14235 7015 5 10
14240 7020 14255 7025 5 10
14260 7030 14275 7035 5 10
14280 7040 14295 7045 5 10
14300 7050 14315 7055 5 10
14320 7060 14335 7065 5 10
14340 7070 14355 7075 5 10
14360 7080 14375 7085 5 10
14380 7090 14395 7095 5 10
14400 7100 14415 7105 5 10
14420 7110 14435 7115 5 10
14440 7120 14455 7125 5 10
14460 7130 14475 7135 5 10
14480 7140 14495 7145 5 10
14500 7150 14515 7155 5 10
14520 7160 14535 7165 5 10
14540 7170 14555 7175 5 10
14560 7180 14575 7185 5 10
14580 7190 14595 7195 5 10
14600 7200 14615 7205 5 10
14620 7210 14635 7215 5 10
14640 7220 14655 7225 5 10
14660 7230 14675 7235 5 10
14680 7240 14695 7245 5 10
14700 7250 14715 7255 5 10
14720 7260 14735 7265 5 10
14740 7270 14755 7275 5 10
14760 7280 14775 7285 5 10
14780 7290 14795 7295 5 10
14800 7300 14815 7305 5 10
14820 7310 14835 7315 5 10
14840 7320 14855 7325 5 10
14860 7330 14875 7335 5 10
14880 7340 14895 7345 5 10
14900 7350 14915 7355 5 10
14920 7360 14935 7365 5 10
14940 7370 14955 7375 5 10
14960 7380 14975 7385 5 10
14980 7390 14995 7395 5 10
15000 7400 15015 7405 5 10
15020 7410 15035 7415 5 10
15040 7420 15055 7425 5 10
15060 7430 15075 7435 5 10
15080 7440 15095 7445 5 10
15100 7450 15115 7455 5 10
15120 7460 15135 7465 5 10
15140 7470 15155 7475 5 10
15160 7480 15175 7485 5 10
15180 7490 15195 7495 5 10
15200 7500 15215 7505 5 10
15220 7510 15235 7515 5 10
15240 7520 15255 7525 5 10
15260 7530 15275 7535 5 10
15280 7540 15295 7545 5 10
15300 7550 15315 7555 5 10
15320 7560 15335 7565 5 10
15340 7570 15355 7575 5 10
15360 7580 15375 7585 5 10
15380 7590 15395 7595 5 10
15400 7600 15415 7605 5 10
15420 7610 15435 7615 5 10
15440 7620 15455 7625 5 10
15460 7630 15475 7635 5 10
15480 7640 15495 7645 5 10
15500 7650 15515 7655 5 10
15520 7660 15535 7665 5 10
15540 7670 15555 7675 5 10
15560 7680 15575 7685 5 10
15580 7690 15595 7695 5 10
15600 7700 15615 7705 5 10
15620 7710 15635 7715 5 10
15640 7720 15655 7725 5 10
15660 7730 15675 7735 5 10
15680 7740 15695 7745 5 10
15700 7750 15715 7755 5 10
15720 7760 15735 7765 5 10
15740 7770 15755 7775 5 10
15760 7780 15775 7785 5 10
15780 7790 15795 7795 5 10
15800 7800 15815 7805 5 10
15820 7810 15835 7815 5 10
15840 7820 15855 7825 5 10
15860 7830 15875 7835 5 10
15880 7840 15895 7845 5 10
15900 7850 15915 7855 5 10
15920 7860 15935 7865 5 10
15940 7870 15955 7875 5 10
15960 7880 15975 7885 5 10
15980 7890 15995 7895 5 10
16000 7900 16015 7905 5 10
16020 7910 16035 7915 5 10
16040 7920 16055 7925 5 10
16060 7930 16075 7935 5 10
16080 7940 16095 7945 5 10
16100 7950 16115 7955 5 10
16120 7960 16135 7965 5 10
16140 7970 16155 7975 5 10
16160 7980 16175 7985 5 10
16180 7990 16195 7995 5 10
16200 8000 16215 8005 5 10
16220 8010 16235 8015 5 10
16240 8020 16255 8025 5 10
16260 8030 16275 8035 5 10
16280 8040 16295 8045 5 10
16300 8050 16315 8055 5 10
16320 8060 16335 8065 5 10
16340 8070 16355 8075 5 10
16360 8080 16375 8085 5 10
16380 8090 16395 8095 5 10
16400 8100 16415 8105 5 10
16420 8110 16435 8115 5 10
16440 8120 16455 8125 5 10
16460 8130 16475 8135 5 10
16480 8140 16495 8145 5 10
16500 8150 16515 8155 5 10
16520 8160 16535 8165 5 10
16540 8170 16555 8175 5 10
16560 8180 16575 8185 5 10
16580 8190 16595 8195 5 10
16600 8200 16615 8205 5 10
16620 8210 16635 8215 5 10
16640 8220 16655 8225 5 10
16660 8230 16675 8235 5 10
16680 8240 16695 8245 5 10
16700 8250 16715 8255 5 10
16720 8260 16735 8265 5 10
16740 8270 16755 8275 5 10
16760 8280 16775 8285 5 10
16780 8290 16795 8295 5 10
16800 8300 16815 8305 5 10
16820 8310 16835 8315 5 10
16840 8320 16855 8325 5 10
16860 8330 16875 8335 5 10
16880 8340 16895 8345 5 10
16900 8350 16915 8355 5 10
16920 8360 16935 8365 5 10
16940 8370 16955 8375 5 10
16960 8380 16975 8385 5 10
16980 8390 16995 8395 5 10
17000 8400 17015 8405 5 10
17020 8410 17035 8415 5 10
17040 8420 17055 8425 5 10
17060 8430 17075 8435 5 10
17080 8440 17095 8445 5 10
17100 8450 17115 8455 5 10
17120 8460 17135 8465 5 10
17140 8470 17155 8475 5 10
17160 8480 17175 8485 5 10
17180 8490 17195 8495 5 10
17200 8500 17215 8505 5 10
17220 8510 17235 8515 5 10
17240 8520 17255 8525 5 10
17260 8530 17275 8535 5 10
17280 8540 17295 8545 5 10
17300 8550 17315 8555 5 10
17320 8560 17335 8565 5 10
17340 8570 17355 8575 5 10
17360 8580 17375 8585 5 10
17380 8590 17395 8595 5 10
17400 8600 17415 8605 5 10
17420 8610 17435 8615 5 10
17440 8620 17455 8625 5 10
17460 8630 17475 8635 5 10
17480 8640 17495 8645 5 10
17500 8650 17515 8655 5 10
17520 8660 17535 8665 5 10
17540 8670 17555 8675 5 10
17560 8680 17575 8685 5 10
17580 8690 17595 8695 5 10
17600 8700 17615 8705 5 10
17620 8710 17635 8715 5 10
17640 8720 17655 8725 5 10
17660 8730 17675 8735 5 10
17680 8740 17695 8745 5 10
17700 8750 17715 8755 5 10
17720 8760 17735 8765 5 10
17740 8770 17755 8775 5 10
17760 8780 17775 8785 5 10
17780 8790 17795 8795 5 10
17800 8800 17815 8805 5 10
17820 8810 17835 8815 5 10
17840 8820 17855 8825 5 10
17860 8830 17875 8835 5 10
17880 8840 17895 8845 5 10
17900 8850 17915 8855 5 10
17920 8860 17935 8865 5 10
17940 8870 17955 8875 5 10
17960 8880 17975 8885 5 10
17980 8890 17995 8895 5 10
18000 8900 18015 8905 5 10
18020 8910 18035 8915 5 10
18040 8920 18055 8925 5 10
18060 8930 18075 8935 5 10
18080 8940 18095 8945 5 10
18100 8950 18115 8955 5 10
18120 8960 18135 8965 5 10
18140 8970 18155 8975 5 10
18160 8980 18175 8985 5 10
18180 8990 18195 8995 5 10
18200 9000 18215 9005 5 10
18220 9010 18235 9015 5 10
18240 9020 18255 9025 5 10
18260 9030 18275 9035 5 10
18280 9040 18295 9045 5 10
18300 9050 18315 9055 5 10
18320 9060 18335 9065 5 10
18340 9070 18355 9075 5 10
18360 9080 18375 9085 5 10
18380 9090 18395 9095 5 10
18400 9100 18415 9105 5 10
18420 9110 18435 9115 5 10
18440 9120 18455 9125 5 10
18460 9130 18475 9135 5 10
18480 9140 18495 9145 5 10
18500 9150 18515 9155 5 10
18520 9160 18535 9165 5 10
18540 9170 18555 9175 5 10
18560 9180 18575 9185 5 10
18580 9190 18595 9195 5 10
18600 9200 18615 9205 5 10
18620 9210 18635 9215 5 10
18640 9220 18655 9225 5 10
18660 9230 18675 9235 5 10
18680 9240 18695 9245 5 10
18700 9250 18715 9255 5 10
18720 9260 18735 9265 5 10
18740 9270 18755 9275 5 10
18760 9280 18775 9285 5 10
18780 9290 18795 9295 5 10
18800 9300 18815 9305 5 10
18820 9310 18835 9315 5 10
18840 9320 18855 9325 5 10
18860 9330 18875 9335 5 10
18880 9340 18895 9345 5 10
18900 9350 18915 9355 5 10
18920 9360 18935 9365 5 10
18940 9370 18955 9375 5 10
18960 9380 18975 9385 5 10
18980 9390 18995 9395 5 10
19000 9400 19015 9405 5 10
19020 9410 19035 9415 5 10
19040 9420 19055 9425 5 10
19060 9430 19075 9435 5 10
19080 9440 19095 9445 5 10
19100 9450 19115 9455 5 10
19120 9460 19135 9465 5 10
19140 9470 19155 9475 5 10
19160 9480 19175 9485 5 10
19180 9490 19195 9495 5 10
19200 9500 19215 9505 5 10
19220 9510 19235 9515 5 10
19240 9520 19255 9525 5 10
19260 9530 19275 9535 5 10
19280 9540 19295 9545 5 10
19300 9550 19315 9555 5 10
19320 9560 19335 9565 5 10
19340 9570 19355 9575 5 10
19360 9580 19375 9585 5 10
19380 9590 19395 9595 5 10
19400 9600 19415 9605 5 10
19420 9610 19435 9615 5 10
19440 9620 19455 9625 5 10
19460 9630 19475 9635 5 10
19480 9640 19495 9645 5 10
19500 9650 19515 9655 5 10
19520 9660 19535 9665 5 10
19540 9670 19555 9675 5 10
19560 9680 19575 9685 5 10
19580 9690 19595 9695 5 10
19600 9700 19615 9705 5 10
19620 9710 19635 9715 5 10
19640 9720 19655 9725 5 10
19660 9730 19675 9735 5 10
19680 9740 19695 9745 5 10
19700 9750 19715 9755 5 10
19720 9760 19735 9765 5 10
19740 9770 19755 9775 5 10
19760 9780 19775 9785 5 10
19780 9790 19795 9795 5 10
19800 9800 19815 9805 5 10
19820 9810 19835 9815 5 10
19840 9820 19855 9825 5 10
19860 9830 19875 9835 5 10
19880 9840 19895 9845 5 10
19900 9850 19915 9855 5 10
19920 9860 19935 9865 5 10
19940 9870 19955 9875 5 10
19960 9880 19975 9885 5 10
19980 9890 19995 9895 5 10